tl                 : 1.01739 ms/file ± 2.20794
htmljs-parser      : 1.70910 ms/file ± 3.18482
node-html-parser   : 2.43384 ms/file ± 2.19427
html5parser        : 2.49901 ms/file ± 3.83625
neutron-html5parser: 2.58251 ms/file ± 1.82345
ultrahtml          : 2.79706 ms/file ± 1.91841
htmlparser2        : 3.13048 ms/file ± 5.07684
html-dom-parser    : 3.46207 ms/file ± 4.63332
htmlparser2-dom    : 3.79482 ms/file ± 5.20774
libxmljs           : 4.24601 ms/file ± 3.10663
zeed-dom           : 4.66956 ms/file ± 3.75252
parse5             : 10.1906 ms/file ± 12.2224
htmlparser         : 14.2587 ms/file ± 84.9774
arijs-stream       : 17.4036 ms/file ± 16.7136
arijs-tree         : 20.1963 ms/file ± 18.7382
html-parser        : 24.4001 ms/file ± 17.3515
saxes              : 47.0224 ms/file ± 129.157
html5              : 114.756 ms/file ± 144.962
